card #1
+----+----+----+----+----+----+----+----+----+----+----+----+----+----+----+
|746 |791 |808 |528 |837 |717 |781 |640 |840 |550 |575 |766 |749 |570 |871 |
+----+----+----+----+----+----+----+----+----+----+----+----+----+----+----+
|529 |638 |615 |731 |863 |887 |879 |701 |886 |666 |731 |607 |700 |659 |674 |
+----+----+----+----+----+----+----+----+----+----+----+----+----+----+----+
|551 |557 |565 |459 |687 |554 |726 |568 |796 |718 |668 |471 |637 |517 |592 |
+----+----+----+----+----+----+----+----+----+----+----+----+----+----+----+
|660 |649 |832 |825 |480 |847 |864 |511 |648 |851 |728 |480 |610 |580 |741 |
+----+----+----+----+----+----+----+----+----+----+----+----+----+----+----+
|835 |681 |451 |552 |690 |688 |709 |568 |807 |605 |889 |627 |627 |626 |747 |
+----+----+----+----+----+----+----+----+----+----+----+----+----+----+----+
|821 |836 |496 |753 |814 |578 |752 |778 |639 |501 |781 |467 |531 |492 |650 |
+----+----+----+----+----+----+----+----+----+----+----+----+----+----+----+
|874 |479 |881 |875 |581 |724 |664 |840 |894 |571 |546 |883 |800 |775 |661 |
+----+----+----+----+----+----+----+----+----+----+----+----+----+----+----+
|647 |696 |650 |693 |601 |564 |873 |453 |892 |613 |504 |774 |682 |637 |868 |
+----+----+----+----+----+----+----+----+----+----+----+----+----+----+----+
|882 |612 |897 |466 |639 |630 |740 |853 |571 |734 |576 |719 |770 |477 |594 |
+----+----+----+----+----+----+----+----+----+----+----+----+----+----+----+
|531 |674 |892 |783 |520 |593 |897 |545 |596 |492 |708 |703 |868 |543 |492 |
+----+----+----+----+----+----+----+----+----+----+----+----+----+----+----+
|836 |577 |706 |833 |645 |896 |563 |485 |451 |736 |822 |578 |607 |692 |657 |
+----+----+----+----+----+----+----+----+----+----+----+----+----+----+----+
|751 |825 |881 |795 |709 |553 |488 |706 |649 |687 |800 |509 |542 |768 |654 |
+----+----+----+----+----+----+----+----+----+----+----+----+----+----+----+
|584 |704 |834 |893 |689 |579 |889 |855 |615 |890 |743 |537 |620 |451 |831 |
+----+----+----+----+----+----+----+----+----+----+----+----+----+----+----+
|827 |804 |808 |861 |700 |617 |566 |790 |476 |765 |577 |826 |877 |721 |747 |
+----+----+----+----+----+----+----+----+----+----+----+----+----+----+----+
|631 |458 |551 |617 |451 |843 |747 |890 |850 |462 |482 |693 |601 |653 |694 |
+----+----+----+----+----+----+----+----+----+----+----+----+----+----+----+
card #2
+----+----+----+----+----+----+----+----+----+----+----+----+----+----+----+
|584 |632 |599 |492 |593 |451 |660 |710 |791 |738 |627 |521 |716 |656 |792 |
+----+----+----+----+----+----+----+----+----+----+----+----+----+----+----+
|563 |890 |800 |717 |607 |801 |660 |454 |843 |610 |518 |478 |455 |721 |733 |
+----+----+----+----+----+----+----+----+----+----+----+----+----+----+----+
|700 |855 |465 |451 |898 |661 |452 |710 |523 |845 |548 |752 |466 |866 |509 |
+----+----+----+----+----+----+----+----+----+----+----+----+----+----+----+
|809 |530 |551 |761 |797 |708 |663 |609 |713 |658 |821 |833 |686 |826 |655 |
+----+----+----+----+----+----+----+----+----+----+----+----+----+----+----+
|571 |678 |610 |587 |679 |660 |850 |733 |470 |473 |731 |620 |827 |747 |587 |
+----+----+----+----+----+----+----+----+----+----+----+----+----+----+----+
|488 |708 |719 |589 |570 |616 |848 |835 |827 |713 |593 |748 |646 |882 |674 |
+----+----+----+----+----+----+----+----+----+----+----+----+----+----+----+
|851 |553 |453 |614 |742 |734 |824 |744 |620 |897 |819 |451 |617 |747 |748 |
+----+----+----+----+----+----+----+----+----+----+----+----+----+----+----+
|806 |785 |557 |625 |475 |729 |843 |475 |664 |770 |790 |807 |618 |588 |841 |
+----+----+----+----+----+----+----+----+----+----+----+----+----+----+----+
|895 |592 |495 |898 |756 |839 |784 |680 |684 |504 |729 |603 |557 |897 |450 |
+----+----+----+----+----+----+----+----+----+----+----+----+----+----+----+
|458 |855 |838 |617 |581 |465 |896 |576 |542 |660 |499 |882 |567 |719 |570 |
+----+----+----+----+----+----+----+----+----+----+----+----+----+----+----+
|561 |714 |712 |658 |764 |568 |597 |701 |851 |883 |807 |680 |587 |465 |729 |
+----+----+----+----+----+----+----+----+----+----+----+----+----+----+----+
|639 |473 |685 |629 |692 |868 |644 |688 |596 |736 |898 |645 |770 |617 |465 |
+----+----+----+----+----+----+----+----+----+----+----+----+----+----+----+
|891 |780 |781 |755 |538 |646 |476 |686 |897 |479 |669 |856 |761 |858 |871 |
+----+----+----+----+----+----+----+----+----+----+----+----+----+----+----+
|591 |598 |496 |878 |777 |738 |898 |574 |578 |646 |462 |628 |842 |783 |848 |
+----+----+----+----+----+----+----+----+----+----+----+----+----+----+----+
|459 |826 |728 |842 |733 |817 |640 |759 |603 |689 |788 |874 |646 |650 |833 |
+----+----+----+----+----+----+----+----+----+----+----+----+----+----+----+
card #3
+----+----+----+----+----+----+----+----+----+----+----+----+----+----+----+
|617 |843 |583 |716 |873 |512 |554 |871 |636 |735 |617 |701 |463 |611 |636 |
+----+----+----+----+----+----+----+----+----+----+----+----+----+----+----+
|861 |672 |562 |690 |615 |845 |607 |805 |757 |812 |595 |645 |786 |791 |897 |
+----+----+----+----+----+----+----+----+----+----+----+----+----+----+----+
|719 |560 |840 |852 |826 |813 |465 |533 |836 |703 |818 |606 |504 |831 |767 |
+----+----+----+----+----+----+----+----+----+----+----+----+----+----+----+
|690 |845 |592 |854 |635 |757 |852 |844 |714 |709 |756 |461 |506 |642 |802 |
+----+----+----+----+----+----+----+----+----+----+----+----+----+----+----+
|504 |514 |515 |496 |466 |891 |860 |533 |576 |848 |787 |494 |554 |893 |478 |
+----+----+----+----+----+----+----+----+----+----+----+----+----+----+----+
|474 |736 |475 |616 |690 |660 |525 |694 |656 |841 |503 |512 |853 |612 |756 |
+----+----+----+----+----+----+----+----+----+----+----+----+----+----+----+
|807 |666 |820 |872 |712 |889 |466 |724 |574 |592 |725 |513 |689 |829 |507 |
+----+----+----+----+----+----+----+----+----+----+----+----+----+----+----+
|769 |455 |793 |794 |673 |635 |606 |748 |880 |812 |742 |535 |874 |695 |697 |
+----+----+----+----+----+----+----+----+----+----+----+----+----+----+----+
|782 |602 |515 |703 |627 |830 |744 |695 |654 |868 |889 |531 |482 |730 |461 |
+----+----+----+----+----+----+----+----+----+----+----+----+----+----+----+
|539 |599 |518 |484 |545 |742 |721 |701 |590 |753 |665 |484 |891 |691 |729 |
+----+----+----+----+----+----+----+----+----+----+----+----+----+----+----+
|740 |574 |484 |806 |879 |713 |736 |723 |508 |542 |691 |549 |624 |723 |830 |
+----+----+----+----+----+----+----+----+----+----+----+----+----+----+----+
|687 |864 |581 |755 |500 |677 |597 |772 |530 |790 |677 |746 |824 |668 |537 |
+----+----+----+----+----+----+----+----+----+----+----+----+----+----+----+
|706 |509 |713 |792 |467 |692 |605 |805 |515 |715 |499 |757 |814 |725 |632 |
+----+----+----+----+----+----+----+----+----+----+----+----+----+----+----+
|744 |512 |597 |876 |870 |647 |653 |619 |571 |733 |561 |799 |631 |538 |619 |
+----+----+----+----+----+----+----+----+----+----+----+----+----+----+----+
|719 |794 |678 |584 |686 |747 |827 |893 |652 |892 |708 |702 |801 |622 |527 |
+----+----+----+----+----+----+----+----+----+----+----+----+----+----+----+
card #4
+
